9
2.50e11
5.974e24 1.496e11 0.000e00 0.000e00 2.980e04 electron.png
5.974e24 -1.496e11 0.000e00 0.000e00 2.980e04 electron.png
1.989e30 0.000e00 0.000e00 0.000e00 0.000e00 nucleus.png
4.869e24 -1.082e11 0.000e00 0.000e00 3.500e04 electron.png
4.869e24 1.082e11 0.000e00 0.000e00 3.500e04 electron.png
6.419e23 2.279e11 0.000e00 0.000e00 2.410e04 electron.png
6.419e23 -2.279e11 0.000e00 0.000e00 2.410e04 electron.png
6.419e23 0.000e00 2.279e11 2.410e04 0.000e00 electron.png
6.419e23 0.000e00 -2.279e11 -2.410e04 0.000e00 electron.png

