69
2.50e11    
7.45e19 1.50e11 0.00e00 0.00e00 -2.29e04 pluto.gif
7.45e19 -1.50e11 0.00e00 0.00e00 2.29e04 pluto.gif
7.45e19 0.00e00 -1.50e11 2.29e04 0.00e00 pluto.gif
7.45e19 0.00e00 1.50e11 -2.29e04 0.00e00 pluto.gif
7.45e19 1.48e11 0.00e00 0.00e00 -2.29e04 pluto.gif
7.45e19 -1.48e11 0.00e00 0.00e00 2.29e04 pluto.gif
7.45e19 0.00e00 -1.48e11 2.29e04 0.00e00 pluto.gif
7.45e19 0.00e00 1.48e11 -2.29e04 0.00e00 pluto.gif
7.45e19 1.46e11 0.00e00 0.00e00 -2.29e04 pluto.gif
7.45e19 -1.46e11 0.00e00 0.00e00 2.29e04 pluto.gif
7.45e19 0.00e00 -1.46e11 2.29e04 0.00e00 pluto.gif
7.45e19 0.00e00 1.46e11 -2.29e04 0.00e00 pluto.gif
7.45e19 1.44e11 0.00e00 0.00e00 -2.29e04 pluto.gif
7.45e19 -1.44e11 0.00e00 0.00e00 2.29e04 pluto.gif
7.45e19 0.00e00 -1.44e11 2.29e04 0.00e00 pluto.gif
7.45e19 0.00e00 1.44e11 -2.29e04 0.00e00 pluto.gif
7.45e19 1.42e11 0.00e00 0.00e00 -2.29e04 pluto.gif
7.45e19 -1.42e11 0.00e00 0.00e00 2.29e04 pluto.gif
7.45e19 0.00e00 -1.42e11 2.29e04 0.00e00 pluto.gif
7.45e19 0.00e00 1.42e11 -2.29e04 0.00e00 pluto.gif
7.45e19 1.40e11 0.00e00 0.00e00 -2.29e04 pluto.gif
7.45e19 -1.40e11 0.00e00 0.00e00 2.29e04 pluto.gif
7.45e19 0.00e00 -1.40e11 2.29e04 0.00e00 pluto.gif
7.45e19 0.00e00 1.40e11 -2.29e04 0.00e00 pluto.gif
7.45e19 1.38e11 0.00e00 0.00e00 -2.29e04 pluto.gif
7.45e19 -1.38e11 0.00e00 0.00e00 2.29e04 pluto.gif
7.45e19 0.00e00 -1.38e11 2.29e04 0.00e00 pluto.gif
7.45e19 0.00e00 1.38e11 -2.29e04 0.00e00 pluto.gif
7.45e19 1.36e11 0.00e00 0.00e00 -2.29e04 pluto.gif
7.45e19 -1.36e11 0.00e00 0.00e00 2.29e04 pluto.gif
7.45e19 0.00e00 -1.36e11 2.29e04 0.00e00 pluto.gif
7.45e19 0.00e00 1.36e11 -2.29e04 0.00e00 pluto.gif
7.45e19 1.34e11 0.00e00 0.00e00 -2.29e04 pluto.gif
7.45e19 -1.34e11 0.00e00 0.00e00 2.29e04 pluto.gif
7.45e19 0.00e00 -1.34e11 2.29e04 0.00e00 pluto.gif
7.45e19 0.00e00 1.34e11 -2.29e04 0.00e00 pluto.gif
7.45e19 1.32e11 0.00e00 0.00e00 -2.29e04 pluto.gif
7.45e19 -1.32e11 0.00e00 0.00e00 2.29e04 pluto.gif
7.45e19 0.00e00 -1.32e11 2.29e04 0.00e00 pluto.gif
7.45e19 0.00e00 1.32e11 -2.29e04 0.00e00 pluto.gif
7.45e19 1.30e11 0.00e00 0.00e00 -2.29e04 pluto.gif
7.45e19 -1.30e11 0.00e00 0.00e00 2.29e04 pluto.gif
7.45e19 0.00e00 -1.30e11 2.29e04 0.00e00 pluto.gif
7.45e19 0.00e00 1.30e11 -2.29e04 0.00e00 pluto.gif
7.45e19 1.28e11 0.00e00 0.00e00 -2.29e04 pluto.gif
7.45e19 -1.28e11 0.00e00 0.00e00 2.29e04 pluto.gif
7.45e19 0.00e00 -1.28e11 2.29e04 0.00e00 pluto.gif
7.45e19 0.00e00 1.28e11 -2.29e04 0.00e00 pluto.gif
7.45e19 1.26e11 0.00e00 0.00e00 -2.29e04 pluto.gif
7.45e19 -1.26e11 0.00e00 0.00e00 2.29e04 pluto.gif
7.45e19 0.00e00 -1.26e11 2.29e04 0.00e00 pluto.gif
7.45e19 0.00e00 1.26e11 -2.29e04 0.00e00 pluto.gif
7.45e19 1.24e11 0.00e00 0.00e00 -2.29e04 pluto.gif
7.45e19 -1.24e11 0.00e00 0.00e00 2.29e04 pluto.gif
7.45e19 0.00e00 -1.24e11 2.29e04 0.00e00 pluto.gif
7.45e19 0.00e00 1.24e11 -2.29e04 0.00e00 pluto.gif
7.45e19 1.22e11 0.00e00 0.00e00 -2.29e04 pluto.gif
7.45e19 -1.22e11 0.00e00 0.00e00 2.29e04 pluto.gif
7.45e19 0.00e00 -1.22e11 2.29e04 0.00e00 pluto.gif
7.45e19 0.00e00 1.22e11 -2.29e04 0.00e00 pluto.gif
7.45e19 1.20e11 0.00e00 0.00e00 -2.29e04 pluto.gif
7.45e19 -1.20e11 0.00e00 0.00e00 2.29e04 pluto.gif
7.45e19 0.00e00 -1.20e11 2.29e04 0.00e00 pluto.gif
7.45e19 0.00e00 1.20e11 -2.29e04 0.00e00 pluto.gif
5.40e20 1.49e11 1.49e11 1.00e04 3.29e04 sun.gif
5.40e20 -1.49e11 -1.49e11 -1.00e04 -3.29e04 sun.gif
5.50e20 1.49e11 1.00e11 1.00e04 2.286e4 venus.gif
5.50e20 -1.49e11 -1.00e11 -1.00e04 -2.286e4 venus.gif
0.000e00 0.000e00 0.000e00 0.000e00 5.974e30 earth.gif

Universe created by: Chris Thompson 2010 Spring 2007
