16
2.50e11
1.000e32 1.000e11 0.000e00 0.000e00 -2.52664e05 earth.gif
1.000e32 -1.000e11 0.000e00 0.000e00 2.52664e05 mars.gif
1.000e32 0.000e00 1.000e11 2.52664e05 0.000e00 mercury.gif
1.000e32 0.000e00 -1.000e11 -2.52664e05 0.000e00 venus.gif
1.000e01 1.000e07 0.000e00 0.000e00 0.000e00 sun.gif
1.000e01 0.000e00 1.000e07 0.000e00 0.000e00 sun.gif
1.000e01 -1.000e07 0.000e00 0.000e00 0.000e00 sun.gif
1.000e01 0.000e00 -1.000e07 0.000e00 0.000e00 sun.gif
2.000e32 1.000e13 1.000e13 -1.000e06 -1.000e06 blackhole.gif
2.000e32 1.000e13 -1.000e13 -1.000e06 1.000e06 blackhole.gif
2.000e32 -1.000e13 1.000e13 1.000e06 -1.000e06 blackhole.gif
2.000e32 -1.000e13 -1.000e13 1.000e06 1.000e06 blackhole.gif
2.000e22 0.000e00 1.414e13 0.000e00 -1.414e06 blackhole.gif
2.000e22 0.000e00 -1.414e13 0.000e00 1.414e06 blackhole.gif
2.000e22 -1.414e13 0.000e00 1.414e06 0.000e00 blackhole.gif
2.000e22 1.414e13 0.000e00 -1.414e06 0.000e00 blackhole.gif

