25
2.50e11
1.989e30 0.000e00 0.000e00 0.000e00 0.000e00 sun.gif
7.350e22 1.500e11 0.000e00 0.000e00 1.030e04 mars.gif
7.350e22 -1.500e11 0.000e00 0.000e00 -1.030e04 mars.gif
7.350e22 0.000e00 1.500e11 -1.030e04 0.000e00 mars.gif
7.350e22 0.000e00 -1.500e11 1.030e04 0.000e00 mars.gif
7.350e22 1.061e11 1.061e11 -7.283e03 7.283e03 mars.gif
7.350e22 -1.061e11 -1.061e11 7.283e03 -7.283e03 mars.gif
7.350e22 1.061e11 -1.061e11 7.283e03 7.283e03 mars.gif
7.350e22 -1.061e11 1.061e11 -7.283e03 -7.283e03 mars.gif
7.350e22 1.000e11 0.000e00 0.000e00 -2.030e04 earth.gif
7.350e22 -1.000e11 0.000e00 0.000e00 2.030e04 earth.gif
7.350e22 0.000e00 1.0000e11 2.030e04 0.000e00 earth.gif
7.350e22 0.000e00 -1.000e11 -2.030e04 0.000e00 earth.gif
7.350e22 7.070e10 7.070e10 1.4350e4 -1.435e04 earth.gif
7.350e22 -7.070e10 -7.070e10 -1.4350e4 1.435e04 earth.gif
7.350e22 7.070e10 -7.070e10 -1.4350e4 -1.435e04 earth.gif
7.350e22 -7.070e10 7.070e10 1.4350e4 1.435e04 earth.gif
6.419e23 2.279e11 0.000e00 0.000e00 2.410e04 jupiter.gif
6.419e23 0.000e00 2.279e11 -2.410e04 0.000e00 jupiter.gif
6.419e23 -2.279e11 0.000e00 0.000e00 -2.410e04 jupiter.gif
6.419e23 0.000e00 -2.279e11 2.410e04 0.000e00 jupiter.gif
6.419e23 1.610e11 1.610e11 1.700e04 -1.700e04 jupiter.gif
6.419e23 -1.610e11 -1.610e11 -1.700e04 1.700e04 jupiter.gif
6.419e23 -1.610e11 1.610e11 1.700e04 1.700e04 jupiter.gif
6.419e23 1.610e11 -1.610e11 -1.700e04 -1.700e04 jupiter.gif
