13
7.50e12
5.974e24 1.496e11 0.000e00 0.000e00 2.980e04 earth.gif
1.3055e22 6.579e12 0.000e00 3.410e05 0.000e00 pluto.gif
3.302e23 5.790e10 0.000e00 0.000e00 4.790e04 mercury.gif
1.989e30 0.000e00 0.000e00 0.000e00 0.000e00 sun.gif
4.869e24 1.082e11 0.000e00 0.000e00 3.500e04 venus.gif
6.419e33 3.59e13 0.000e00 -1.641e06 0.000e00 pluto.gif
6.419e23 2.279e11 0.000e00 0.000e00 2.410e04 mars.gif
1.899e27 7.779e11 0.000e00 0.000e00 1.307e04 jupiter.gif
5.6846e26 1.427e12 0.000e00 0.000e00 9.639e03 saturn.gif
1.0243e26 5.503e12 0.000e00 0.000e00 5.432e03 neptune.gif
8.683e25 2.870e12 0.000e00 0.000e00 6.795e03 uranus.gif
1.000000 0.000e00 -9.99e12 0.000e00 1.999e06 goodbye.gif
1.000000 0.000e00 -3.50e13 0.000e00 1.999e06 imback.gif

