8
3.00e11
1.989e30 -0.900e11 0.000e00 0.000e00 -2.000e04 sun.gif
1.989e30 0.900e11 0.000e00 0.000e00 2.000e04 sun.gif
5.974e23 -1.300e11 0.000e00 0.000e00 -8.000e04 earth.gif
5.974e23 1.300e11 0.000e00 0.000e00 8.000e04 earth.gif
1.989e29 0.000e00 -1.900e11 0.000e00 -2.000e04 sun.gif
1.989e29 0.000e00 1.900e11 0.000e00 2.000e04 sun.gif
5.974e27 0.000e00 -0.300e11 0.000e00 -8.000e04 earth.gif
5.974e27 0.000e00 0.300e11 0.000e00 8.000e04 earth.gif

Creator of universe: John Son, COS 126, Spring 2004
