17
2.50e11
1.989e30 0.0 0.0 0.0 0.0 sun.gif
5.974e24 0.0 16.0e10 2.0e4 -2.0e4 mars.gif
5.974e24 -16.0e10 0.0 2.0e4 2.0e4 mars.gif
5.974e24 0.0 -16.0e10 -2.0e4 2.0e4 mars.gif
5.974e24 16.0e10 0.0 -2.0e4 -2.0e4 mars.gif
5.974e27 6.0e10 6.0e10 -5.0e3 5.0e4 venus.gif
5.974e27 -6.0e10 6.0e10 -5.0e4 -5.0e3 venus.gif
5.974e27 -6.0e10 -6.0e10 5.0e3 -5.0e4 venus.gif
5.974e27 6.0e10 -6.0e10 5.0e4 5.0e3 venus.gif
6.419e23 18.0e10 18.0e10 -1.0e4 1.0e2 mars.gif
6.419e23 -18.0e10 18.0e10 1.0e2 -1.0e4 mars.gif
6.419e23 -18.0e10 -18.0e10 1.0e4 1.0e2 mars.gif
6.419e23 18.0e10 -18.0e10 -1.0e2 1.0e4 mars.gif
5.974e23 0.0 23.0e10 1.0e4 -1.0e4 mars.gif
5.974e23 -23.0e10 0.0 1.0e4 1.0e4 mars.gif
5.974e23 0.0 -23.0e10 -1.0e4 1.0e4 mars.gif
5.974e23 23.0e10 0.0 -1.0e4 -1.0e4 mars.gif
